ncols         49
nrows         38
xllcorner     20
yllcorner     -800
cellsize      20
NODATA_value  -9999 	 Unit:	µg/m³
0 0 0 0 0 0 0 0 0 0 0 0 0 0 0 0 0 0 0 0 0 0 0 0 0 0 0 0 0 0 0 0 0 0 0 0 0 0 0 0 0 0 0 0 0 0 0 0 0 
0 0 0 0 0 0 0 0 0 0 0 0 0 0 0 0 0 0 0 0 0 0 0 0 0 0 0 0 0 0 0 0 0 0 0 0 0 0 0 0 0 0 0 0 0 0 0 0 0 
0 0 0 0 0 0 0 0 0 0 0 0 0 0 0 0 0 0 0 0 0 0 0 0 0 0 0 0 0 0 0 0 0 0 0 0 0 0 0 0 0 0 0 0 0 0 0 0 0 
0 0 0 0 0 0 0 0 0 0 0 0 0 0 0 0 0 0 0 0 0 0 0 0 0 0 0 0 0 0 0 0 0 0 0 0 0 0 0 0 0 0 0 0 0 0 0 0 0 
0 0 0 0 0 0 0 0 0 0 0 0 0 0 0 0 0 0 0 0 0 0 0 0 0 0 0 0 0 0 0 0 0 0 0 0 0 0 0 0 0 0 0 0 0 0 0 0 0 
0 0 0 0 0 0 0 0 0 0 0 0 0 0 0 0 0 0 0 0 0 0 0 0 0 0 0 0 0 0 0 0 0 0 0 0 0 0 0 0 0 0 0 0 0 0 0 0 0 
0 0 0 0 0 0 0 0 0 0 0 0 0 0 0 0 0 0 0 0 0 0 0 0 0 0 0 0 0 0 0 0 0 0 0 0 0 0 0 0 0 0 0 0 0 0 0 0 0 
0 0 0 0 0 0 0 0 0 0 0 0 0 0 0 0 0 0 0 0 0 0 0 0 0 0 0 0 0 0 0 0 0 0 0 0 0 0 0 0 0 0 0 0 0 0 0 0 0 
0 0 0 0 0 0 0 0 0 0 0 0 0 0 0 0 0 0 0 0 0 0 0 0 0 0 0 0 0 0 0 0 0 0 0 0 0 0 0 0 0 0 0 0 0 0 0 0 0 
0 0 0 0 0 0 0 0 0 0 0 0 0 0 0 0 0 0 0 0 0 0 0 0 0 0 0 0 0 0 0 0 0 0 0 0 0 0 0 0 0 0 0 0 0 0 0 0 0 
0 0 0 0 0 0 0 0 0 0 0 0 0 0 0 0 0 0 0 0 0 0 0 0 0 0 0 0 0 0 0 0 0 0 0 0 0 0 0 0 0 0 0 0 0 0 0 0 0 
0.007 0 0 0 0 0 0 0 0 0 0 0 0 0 0 0 0 0 0 0 0 0 0 0 0 0 0 0 0 0 0 0 0 0 0 0 0 0 0 0 0 0 0 0 0 0 0 0 0 
0 0 0 0 0 0 0 0 0 0 0 0 0 0 0 0 0 0 0 0 0 0 0 0 0 0 0 0 0 0 0 0 0 0 0 0 0 0 0 0 0 0 0 0 0 0 0 0 0 
0 0 0 0 0 0 0 0 0 0 0 0 0 0 0 0 0 0 0 0 0 0 0 0 0 0 0 0 0 0 0 0 0 0 0 0 0 0 0 0 0 0 0 0 0 0 0 0 0 
0 0 0 0 0 0 0 0 0 0 0 0 0 0 0 0 0 0 0 0 0 0 0 0 0 0 0 0 0 0 0 0 0 0 0 0 0 0 0 0 0 0 0 0 0 0 0 0 0 
0 0 0 0 0 0 0 0.00932 0.01728 0.02258 0.02449 0 0 0 0 0 0 0 0 0 0 0 0 0 0 0 0 0 0 0 0 0 0 0 0 0 0 0 0 0 0 0 0 0 0 0 0 0 0 
0 0 0 0 0 0 0 0 0 0 0 0 0 0 0 0 0 0 0 0 0.01895 0.07996 0.00535 0 0 0 0 0 0 0 0 0 0 0 0 0 0 0 0 0 0 0 0 0 0 0 0 0 0 
0 0 0 0 0 0 0 0 0 0 0 0 0 0 0 0 0 0 0.00642 0.01772 0.00827 0 0.01808 0 0 0 0 0 0 0 0 0 0 0 0 0 0 0 0 0 0 0 0 0 0 0 0 0 0 
0 0 0 0 0 0 0 0.0229 0 0 0 0 0 0 0 0 0 0.02264 0.02295 0 0 0 0.00273 0 0 0 0 0 0 0 0 0 0 0 0 0 0 0 0 0 0 0 0 0 0 0 0 0 0 
0 0 0 0 0 0 0.00851 0.00866 0.03019 0.01636 0.03797 0 0 0 0 0.00611 0.02305 0.02392 0.00818 0.01812 0.00362 0 0 0 0 0 0 0 0 0 0 0 0 0 0 0 0 0 0 0 0 0 0 0 0 0 0 0 0 
0 0 0 0 0 0 0.02641 0 0.02892 0 0 0 0 0 0.00273 0.0274 0.04815 0.01802 0.00957 0.00553 0.01135 0 0 0 0 0 0 0 0 0 0 0 0 0 0 0 0 0 0 0 0 0 0 0 0 0 0 0 0 
0.005 0 0 0 0 0.01907 0.00668 0.03509 0.01186 0 0 0.02613 0.01527 0.04666 0.0382 0.01076 0.03315 0 0 0 0 0 0 0 0 0 0 0 0 0 0 0 0 0 0 0 0 0 0 0 0 0 0 0 0 0 0 0 0 
0 0 0 0.00159 0.01137 0.06391 0.03689 0.00675 0.01694 0.01403 0.0259 0.06323 0.05007 0.07132 0.07823 0.0509 0.00607 0 0 0.01041 0.03958 0 0 0 0 0 0 0 0 0 0 0 0 0 0 0 0 0 0 0 0 0 0 0 0 0 0 0 0 
0.00106 0.01908 0 0.01818 0.0179 0.07138 0.0485 0 0 0.01063 0.06894 0.07773 0.15409 0.10468 0.01903 0.02863 0.01153 0 0 0 0 0 0.00834 0 0 0 0 0 0 0 0 0 0 0 0 0 0 0 0 0 0 0 0 0 0 0 0 0 0 
0.02377 0 0.02385 0.04993 0.03074 0.01691 0 0 0.05644 0.01387 0.04334 0.11237 0.08417 0.08085 0.00868 0.04268 0.06818 0.03069 0.08346 0.09657 0.01811 0 0.02645 0.01334 0 0.00847 0 0 0 0 0 0 0 0 0 0 0 0 0 0 0 0 0 0 0 0 0 0 0 
0.01864 0.0512 0.04914 0.04011 0.02612 0.00186 0.07592 0.09808 0.05955 0.12606 0.06031 0.06385 0.05054 0.02732 0.01492 0.05345 0.04417 0.05536 0.11695 0.08869 0.02049 0 0 0 0 0.00196 0 0 0 0 0 0 0 0 0 0 0 0 0 0 0 0 0 0 0 0 0 0 0 
0.01197 0.04596 0.06396 0.06456 0.05095 0.04384 0.08871 0.12181 0.11018 0.08747 0.09252 0.14161 0.07744 0.03168 0.04204 0.00839 0.00682 0.04238 0.0693 0.02161 0.02109 0.00508 0 0 0 0 0 0 0 0 0 0 0 0 0 0 0 0 0 0 0 0 0 0 0 0 0 0 0 
0.03683 0.18303 0.05385 0.05685 0.13999 0.07951 0.05532 0.10236 0.12882 0.09212 0.15468 0.12052 0.13234 0.0662 0.01401 0.101 0.09012 0.10145 0.02096 0.00729 0.00466 0 0 0 0 0 0 0 0 0 0 0 0 0 0 0 0 0 0 0 0 0 0 0 0 0 0 0 0 
0.06627 0.02411 0.14038 0.0873 0.03755 0.03377 0.07597 0.12224 0.07267 0.10591 0.1741 0.10005 0.11222 0.07663 0.07618 0.07435 0.07755 0.02519 0.01377 0.06132 0.03931 0 0 0 0.01465 0.00714 0 0 0 0 0 0 0 0 0 0 0 0 0 0 0 0 0 0 0 0 0 0 0 
0.0251 0.09557 0.12351 0.03604 0.06382 0.1039 0.18357 0.10638 0.14734 0.06105 0.17967 0.1546 0.07427 0.03974 0.12227 0.15653 0.06137 0.01319 0.0514 0.05582 0 0.05286 0.00901 0.03352 0 0 0 0 0 0 0 0 0 0 0 0 0 0 0 0 0 0 0 0 0 0 0 0 0 
0.09039 0.0782 0.04769 0.07079 0.16872 0.12276 0.06763 0.17737 0.13152 0.16296 0.17879 0.09014 0.11342 0.08653 0.07537 0.03859 0.05979 0.0593 0.05973 0 0.0651 0.07245 0.01259 0 0 0 0 0 0 0 0 0 0 0 0 0 0 0 0 0 0 0 0 0 0 0 0 0 0 
0.06658 0.02973 0.06293 0.24687 0.33948 0.18814 0.10653 0.09266 0.1826 0.19338 0.15109 0.16301 0.17996 0.07122 0.07857 0.12585 0.04263 0.07296 0.07983 0.09076 0.01989 0.00882 0 0 0 0 0 0 0 0 0 0 0 0 0 0 0 0 0 0 0 0 0 0 0 0 0 0 0 
0.0823 0.16379 0.08993 0.14736 0.16123 0.04565 0.1683 0.26116 0.26265 0.23396 0.10795 0.21128 0.11009 0.10313 0.09781 0.07717 0.0635 0.00583 0.04495 0.02092 0.02809 0.06294 0 0 0 0 0.07413 0 0 0 0 0 0 0 0 0 0 0 0 0 0 0 0 0 0 0 0 0 0 
0.1466 0.13456 0.15304 0.10518 0.08112 0.12366 0.27123 0.2452 0.27918 0.22366 0.21975 0.11996 0.17051 0.13162 0.05287 0.06507 0.09413 0.06251 0.13425 0.04058 0.02133 0.03434 0 0 0 0 0 0 0 0 0 0 0 0 0 0 0 0 0 0 0 0 0 0 0 0 0 0 0 
0.10678 0.066 0.1369 0.13083 0.23296 0.21064 0.35535 0.28597 0.24809 0.13793 0.20166 0.1582 0.17819 0.19095 0.07248 0.14458 0.07368 0.04869 0.07572 0.10153 0.03519 0.01588 0.01786 0 0 0 0 0 0 0 0 0 0 0 0 0 0 0 0 0 0 0 0 0 0 0 0 0 0 
0.22429 0.1926 0.162 0.28106 0.16932 0.1874 0.27893 0.20612 0.22196 0.15589 0.19901 0.16352 0.11726 0.11365 0.10376 0.1571 0.14624 0.09424 0.09774 0.03518 0.07469 0.04705 0.00696 0 0 0 0 0 0 0 0 0 0 0 0 0 0 0 0 0 0 0 0 0 0 0 0 0 0 
0.0939 0.19078 0.13847 0.27445 0.10773 0.23495 0.25821 0.20599 0.08941 0.15392 0.20693 0.2044 0.12881 0.13714 0.06024 0.10247 0.13112 0.06058 0.07155 0.01555 0.04298 0.05498 0 0 0 0 0 0 0 0 0 0 0 0 0 0 0 0 0 0 0 0 0 0 0 0 0 0 0 
0.21207 0.14286 0.10252 0.09524 0.14613 0.26064 0.16037 0.09755 0.21064 0.30998 0.14926 0.1764 0.21952 0.07865 0.12622 0.06989 0.11014 0.06737 0.08153 0.01074 0.01984 0.00524 0 0.01184 0 0 0 0 0 0 0 0 0 0 0 0 0 0 0 0 0 0 0 0 0 0 0 0 0 
